play_id,period,time_remaining_period,secs_remaining,secs_remaining_absolute,description,home_score,away_score,score_diff,play_length,win_prob,home,away,home_time_out_remaining,away_time_out_remaining,home_timeout_ind,away_timeout_ind,home_favored_by,game_id,date,whichScored
1,1,9:45,2385,2385,Mya Bhinhar missed Jumper.,0,0,0,0,0.5,Missouri State,Northern Iowa,4,4,0,0,NA,401180350,2020-01-12,NA
2,1,9:45,2385,2385,Cynthia Wolf Defensive Rebound.,0,0,0,14,0.5,Missouri State,Northern Iowa,4,4,0,0,NA,401180350,2020-01-12,
3,1,9:31,2371,2371,Karli Rucker made Three Point Jumper.,0,3,-3,16,0.4332627804088775,Missouri State,Northern Iowa,4,4,0,0,NA,401180350,2020-01-12,Northern Iowa
4,1,9:15,2355,2355,Sydney Wilson missed Jumper.,0,3,-3,0,0.43275286569100113,Missouri State,Northern Iowa,4,4,0,0,NA,401180350,2020-01-12,
5,1,9:15,2355,2355,Cynthia Wolf Defensive Rebound.,0,3,-3,8,0.43275286569100113,Missouri State,Northern Iowa,4,4,0,0,NA,401180350,2020-01-12,
6,1,9:07,2347,2347,Karli Rucker missed Jumper.,0,3,-3,0,0.4324960459988248,Missouri State,Northern Iowa,4,4,0,0,NA,401180350,2020-01-12,
7,1,9:07,2347,2347,Jasmine Franklin Block.,0,3,-3,0,0.4324960459988248,Missouri State,Northern Iowa,4,4,0,0,NA,401180350,2020-01-12,
8,1,9:07,2347,2347,Northern Iowa Offensive Rebound.,0,3,-3,22,0.4324960459988248,Missouri State,Northern Iowa,4,4,0,0,NA,401180350,2020-01-12,
9,1,8:45,2325,2325,Bre Gunnels missed Three Point Jumper.,0,3,-3,0,0.4317837894411538,Missouri State,Northern Iowa,4,4,0,0,NA,401180350,2020-01-12,
10,1,8:45,2325,2325,Jasmine Franklin Defensive Rebound.,0,3,-3,9,0.4317837894411538,Missouri State,Northern Iowa,4,4,0,0,NA,401180350,2020-01-12,
11,1,8:36,2316,2316,Sydney Wilson missed Jumper.,0,3,-3,0,0.4314900174104827,Missouri State,Northern Iowa,4,4,0,0,NA,401180350,2020-01-12,
12,1,8:36,2316,2316,Nicole Kroeger Defensive Rebound.,0,3,-3,20,0.4314900174104827,Missouri State,Northern Iowa,4,4,0,0,NA,401180350,2020-01-12,
13,1,8:16,2296,2296,Karli Rucker missed Jumper.,0,3,-3,0,0.4308326017028225,Missouri State,Northern Iowa,4,4,0,0,NA,401180350,2020-01-12,
14,1,8:16,2296,2296,Brice Calip Block.,0,3,-3,2,0.4308326017028225,Missouri State,Northern Iowa,4,4,0,0,NA,401180350,2020-01-12,
15,1,8:14,2294,2294,Alexa Willard Defensive Rebound.,0,3,-3,4,0.43076652990561287,Missouri State,Northern Iowa,4,4,0,0,NA,401180350,2020-01-12,
16,1,8:10,2290,2290,Alexa Willard made Jumper.,2,3,-1,21,0.4767447867309777,Missouri State,Northern Iowa,4,4,0,0,NA,401180350,2020-01-12,Missouri State
17,1,7:49,2269,2269,Nicole Kroeger Turnover.,2,3,-1,1,0.47650794703677646,Missouri State,Northern Iowa,4,4,0,0,NA,401180350,2020-01-12,
18,1,7:48,2268,2268,Mya Bhinhar Steal.,2,3,-1,5,0.476496618581436,Missouri State,Northern Iowa,4,4,0,0,NA,401180350,2020-01-12,
19,1,7:43,2263,2263,Jasmine Franklin made Layup. Assisted by Mya Bhinhar.,4,3,1,19,0.5235600888317214,Missouri State,Northern Iowa,4,4,0,0,NA,401180350,2020-01-12,Missouri State
20,1,7:24,2244,2244,Nicole Kroeger missed Jumper.,4,3,1,0,0.523776517028738,Missouri State,Northern Iowa,4,4,0,0,NA,401180350,2020-01-12,
21,1,7:24,2244,2244,Mya Bhinhar Defensive Rebound.,4,3,1,12,0.523776517028738,Missouri State,Northern Iowa,4,4,0,0,NA,401180350,2020-01-12,
22,1,7:12,2232,2232,Foul on Cynthia Wolf.,4,3,1,0,0.5239139165975408,Missouri State,Northern Iowa,4,4,0,0,NA,401180350,2020-01-12,
23,1,7:12,2232,2232,Jasmine Franklin made Free Throw.,5,3,2,0,0.5477186766445648,Missouri State,Northern Iowa,4,4,0,0,NA,401180350,2020-01-12,Missouri State
24,1,7:12,2232,2232,Jasmine Franklin missed Free Throw.,5,3,2,0,0.5477186766445648,Missouri State,Northern Iowa,4,4,0,0,NA,401180350,2020-01-12,
25,1,7:12,2232,2232,Bre Gunnels Defensive Rebound.,5,3,2,14,0.5477186766445648,Missouri State,Northern Iowa,4,4,0,0,NA,401180350,2020-01-12,
26,1,6:58,2218,2218,Bre Gunnels Turnover.,5,3,2,0,0.5480383025158675,Missouri State,Northern Iowa,4,4,0,0,NA,401180350,2020-01-12,
27,1,6:58,2218,2218,Alexa Willard Steal.,5,3,2,13,0.5480383025158675,Missouri State,Northern Iowa,4,4,0,0,NA,401180350,2020-01-12,
28,1,6:45,2205,2205,Emily Gartner missed Jumper.,5,3,2,0,0.5483361412138311,Missouri State,Northern Iowa,4,4,0,0,NA,401180350,2020-01-12,
29,1,6:45,2205,2205,Abby Hipp Offensive Rebound.,5,3,2,3,0.5483361412138311,Missouri State,Northern Iowa,4,4,0,0,NA,401180350,2020-01-12,
30,1,6:42,2202,2202,Mya Bhinhar made Jumper. Assisted by Abby Hipp.,7,3,4,20,0.5959111106401285,Missouri State,Northern Iowa,4,4,0,0,NA,401180350,2020-01-12,Missouri State
31,1,6:22,2182,2182,Kristina Cavey missed Jumper.,7,3,4,0,0.5968057573899013,Missouri State,Northern Iowa,4,4,0,0,NA,401180350,2020-01-12,
32,1,6:22,2182,2182,Alexa Willard Block.,7,3,4,1,0.5968057573899013,Missouri State,Northern Iowa,4,4,0,0,NA,401180350,2020-01-12,
33,1,6:21,2181,2181,Abby Hipp Defensive Rebound.,7,3,4,21,0.5968505663186051,Missouri State,Northern Iowa,4,4,0,0,NA,401180350,2020-01-12,
34,1,6:00,2160,2160,Abby Hipp made Jumper.,9,3,6,2,0.644378282918497,Missouri State,Northern Iowa,4,4,0,0,NA,401180350,2020-01-12,Missouri State
35,1,5:58,2158,2158,Northern Iowa  Timeout,9,3,6,0,0.6445070071026183,Missouri State,Northern Iowa,3,4,1,0,NA,401180350,2020-01-12,
36,1,5:58,2158,2158,Official TV Timeout,9,3,6,9,0.6445070071026183,Missouri State,Northern Iowa,3,4,1,0,NA,401180350,2020-01-12,
37,1,5:49,2149,2149,Cynthia Wolf Turnover.,9,3,6,13,0.6450870932491254,Missouri State,Northern Iowa,3,4,1,0,NA,401180350,2020-01-12,
38,1,5:36,2136,2136,Jasmine Franklin made Jumper.,11,3,8,19,0.6903125016024283,Missouri State,Northern Iowa,3,4,1,0,NA,401180350,2020-01-12,Missouri State
39,1,5:17,2117,2117,Kam Finley missed Jumper.,11,3,8,0,0.6918494674465632,Missouri State,Northern Iowa,3,4,1,0,NA,401180350,2020-01-12,
40,1,5:17,2117,2117,Jasmine Franklin Defensive Rebound.,11,3,8,8,0.6918494674465632,Missouri State,Northern Iowa,3,4,1,0,NA,401180350,2020-01-12,
41,1,5:09,2109,2109,Alexa Willard made Jumper. Assisted by Elle Ruffridge.,13,3,10,13,0.7339553315513319,Missouri State,Northern Iowa,3,4,1,0,NA,401180350,2020-01-12,Missouri State
42,1,4:56,2096,2096,Kam Finley Turnover.,13,3,10,2,0.7351673088674519,Missouri State,Northern Iowa,3,4,0,0,NA,401180350,2020-01-12,
43,1,4:54,2094,2094,Sydney Manning Steal.,13,3,10,3,0.7353540314477285,Missouri State,Northern Iowa,3,4,0,0,NA,401180350,2020-01-12,
44,1,4:51,2091,2091,Jasmine Franklin missed Layup.,13,3,10,0,0.7356342522486979,Missouri State,Northern Iowa,3,4,0,0,NA,401180350,2020-01-12,
45,1,4:51,2091,2091,Bre Gunnels Defensive Rebound.,13,3,10,24,0.7356342522486979,Missouri State,Northern Iowa,3,4,0,0,NA,401180350,2020-01-12,
46,1,4:27,2067,2067,Bre Gunnels made Three Point Jumper. Assisted by Rose Simon-Ressler.,13,6,7,28,0.6735957073363456,Missouri State,Northern Iowa,3,4,0,0,NA,401180350,2020-01-12,Northern Iowa
47,1,3:59,2039,2039,Elle Ruffridge missed Jumper.,13,6,7,0,0.6756982307991031,Missouri State,Northern Iowa,3,4,0,0,NA,401180350,2020-01-12,
48,1,3:59,2039,2039,Rose Simon-Ressler Defensive Rebound.,13,6,7,4,0.6756982307991031,Missouri State,Northern Iowa,3,4,0,0,NA,401180350,2020-01-12,
49,1,3:55,2035,2035,Rose Simon-Ressler Turnover.,13,6,7,26,0.6760003144092598,Missouri State,Northern Iowa,3,4,0,0,NA,401180350,2020-01-12,
50,1,3:29,2009,2009,Brice Calip missed Three Point Jumper.,13,6,7,0,0.6779750284633366,Missouri State,Northern Iowa,3,4,0,0,NA,401180350,2020-01-12,
51,1,3:29,2009,2009,Kristina Cavey Defensive Rebound.,13,6,7,3,0.6779750284633366,Missouri State,Northern Iowa,3,4,0,0,NA,401180350,2020-01-12,
52,1,3:26,2006,2006,Foul on Emily Gartner.,13,6,7,20,0.6782041681046544,Missouri State,Northern Iowa,3,4,0,0,NA,401180350,2020-01-12,
53,1,3:06,1986,1986,Cynthia Wolf missed Jumper.,13,6,7,0,0.6797389029106076,Missouri State,Northern Iowa,3,4,0,0,NA,401180350,2020-01-12,
54,1,3:06,1986,1986,Shameka Ealy Defensive Rebound.,13,6,7,4,0.6797389029106076,Missouri State,Northern Iowa,3,4,0,0,NA,401180350,2020-01-12,
55,1,3:02,1982,1982,Foul on Rose Simon-Ressler.,13,6,7,12,0.6800473765875121,Missouri State,Northern Iowa,3,4,0,0,NA,401180350,2020-01-12,
56,1,2:50,1970,1970,Foul on Emily Gartner.,13,6,7,0,0.6809759495097663,Missouri State,Northern Iowa,3,4,0,0,NA,401180350,2020-01-12,
57,1,2:50,1970,1970,Emily Gartner Turnover.,13,6,7,11,0.6809759495097663,Missouri State,Northern Iowa,3,4,0,0,NA,401180350,2020-01-12,
58,1,2:39,1959,1959,Nicole Kroeger missed Three Point Jumper.,13,6,7,0,0.6818313909950985,Missouri State,Northern Iowa,3,4,0,0,NA,401180350,2020-01-12,
59,1,2:39,1959,1959,Sydney Manning Defensive Rebound.,13,6,7,9,0.6818313909950985,Missouri State,Northern Iowa,3,4,0,0,NA,401180350,2020-01-12,
60,1,2:30,1950,1950,Brice Calip made Jumper.,15,6,9,13,0.7279292279646098,Missouri State,Northern Iowa,3,4,0,0,NA,401180350,2020-01-12,Missouri State
61,1,2:17,1937,1937,Nicole Kroeger missed Jumper.,15,6,9,0,0.7291278728463954,Missouri State,Northern Iowa,3,4,0,0,NA,401180350,2020-01-12,
62,1,2:17,1937,1937,Shameka Ealy Defensive Rebound.,15,6,9,5,0.7291278728463954,Missouri State,Northern Iowa,3,4,0,0,NA,401180350,2020-01-12,
63,1,2:12,1932,1932,Elle Ruffridge made Three Point Jumper. Assisted by Brice Calip.,18,6,12,15,0.7897458838735972,Missouri State,Northern Iowa,3,4,0,0,NA,401180350,2020-01-12,Missouri State
64,1,1:57,1917,1917,Cynthia Wolf made Jumper. Assisted by Nicole Kroeger.,18,8,10,17,0.7522508379407162,Missouri State,Northern Iowa,3,4,0,0,NA,401180350,2020-01-12,Northern Iowa
65,1,1:40,1900,1900,Elle Ruffridge missed Three Point Jumper.,18,8,10,0,0.7538968396024024,Missouri State,Northern Iowa,3,4,0,0,NA,401180350,2020-01-12,
66,1,1:40,1900,1900,Bre Gunnels Defensive Rebound.,18,8,10,5,0.7538968396024024,Missouri State,Northern Iowa,3,4,0,0,NA,401180350,2020-01-12,
67,1,1:35,1895,1895,Foul on Abby Hipp.,18,8,10,16,0.7543793114211144,Missouri State,Northern Iowa,3,4,0,0,NA,401180350,2020-01-12,
68,1,1:19,1879,1879,Kristina Cavey missed Three Point Jumper.,18,8,10,0,0.7559194173544942,Missouri State,Northern Iowa,3,4,0,0,NA,401180350,2020-01-12,
69,1,1:19,1879,1879,Elle Ruffridge Defensive Rebound.,18,8,10,11,0.7559194173544942,Missouri State,Northern Iowa,3,4,0,0,NA,401180350,2020-01-12,
70,1,1:08,1868,1868,Elle Ruffridge missed Jumper.,18,8,10,0,0.756975777837697,Missouri State,Northern Iowa,3,4,0,0,NA,401180350,2020-01-12,
71,1,1:08,1868,1868,Nicole Kroeger Block.,18,8,10,0,0.756975777837697,Missouri State,Northern Iowa,3,4,0,0,NA,401180350,2020-01-12,
72,1,1:08,1868,1868,Karli Rucker Defensive Rebound.,18,8,10,7,0.756975777837697,Missouri State,Northern Iowa,3,4,0,0,NA,401180350,2020-01-12,
73,1,1:01,1861,1861,Karli Rucker missed Jumper.,18,8,10,1,0.7576473640685015,Missouri State,Northern Iowa,3,4,0,0,NA,401180350,2020-01-12,
74,1,1:00,1860,1860,Shameka Ealy Block.,18,8,10,1,0.7577432782317111,Missouri State,Northern Iowa,3,4,0,0,NA,401180350,2020-01-12,
75,1,0:59,1859,1859,Brice Calip Defensive Rebound.,18,8,10,8,0.7578391873748241,Missouri State,Northern Iowa,3,4,0,0,NA,401180350,2020-01-12,
76,1,0:51,1851,1851,Shameka Ealy missed Three Point Jumper.,18,8,10,1,0.7586063459477524,Missouri State,Northern Iowa,3,4,0,0,NA,401180350,2020-01-12,
77,1,0:50,1850,1850,Karli Rucker Defensive Rebound.,18,8,10,7,0.7587022346913617,Missouri State,Northern Iowa,3,4,0,0,NA,401180350,2020-01-12,
78,1,0:43,1843,1843,Foul on Sydney Manning.,18,8,10,2,0.7593734997537135,Missouri State,Northern Iowa,3,4,0,0,NA,401180350,2020-01-12,
79,1,0:41,1841,1841,Heidi Hillyard missed Jumper.,18,8,10,0,0.7595653201927104,Missouri State,Northern Iowa,3,4,0,0,NA,401180350,2020-01-12,
80,1,0:41,1841,1841,Shameka Ealy Defensive Rebound.,18,8,10,18,0.7595653201927104,Missouri State,Northern Iowa,3,4,0,0,NA,401180350,2020-01-12,
81,1,0:23,1823,1823,Abby Hipp made Jumper. Assisted by Brice Calip.,20,8,12,17,0.8008697145023472,Missouri State,Northern Iowa,3,4,0,0,NA,401180350,2020-01-12,Missouri State
82,1,0:06,1806,1806,Karli Rucker made Three Point Jumper.,20,11,9,6,0.7411447821454683,Missouri State,Northern Iowa,3,4,0,0,NA,401180350,2020-01-12,Northern Iowa
83,1,0:00,1800,1800,End of 1st Quarter,20,11,9,1,0.7416976282934893,Missouri State,Northern Iowa,3,4,0,0,NA,401180350,2020-01-12,
84,2,9:59,1799,1799,Heidi Hillyard missed Jumper.,20,11,9,0,0.7417898725605767,Missouri State,Northern Iowa,4,4,0,0,NA,401180350,2020-01-12,
85,2,9:59,1799,1799,Mya Bhinhar Defensive Rebound.,20,11,9,27,0.7417898725605767,Missouri State,Northern Iowa,4,4,0,0,NA,401180350,2020-01-12,
86,2,9:32,1772,1772,Alexa Willard made Jumper.,22,11,11,18,0.7868145342098992,Missouri State,Northern Iowa,4,4,0,0,NA,401180350,2020-01-12,Missouri State
87,2,9:14,1754,1754,Abby Gerrits made Three Point Jumper. Assisted by Kam Finley.,22,14,8,14,0.7226387131776877,Missouri State,Northern Iowa,4,4,0,0,NA,401180350,2020-01-12,Northern Iowa
88,2,9:00,1740,1740,Foul on Bre Gunnels.,22,14,8,7,0.7238833634216832,Missouri State,Northern Iowa,4,4,0,0,NA,401180350,2020-01-12,
89,2,8:53,1733,1733,Jasmine Franklin missed Jumper.,22,14,8,0,0.7245100259514932,Missouri State,Northern Iowa,4,4,0,0,NA,401180350,2020-01-12,
90,2,8:53,1733,1733,Bre Gunnels Defensive Rebound.,22,14,8,2,0.7245100259514932,Missouri State,Northern Iowa,4,4,0,0,NA,401180350,2020-01-12,
91,2,8:51,1731,1731,Foul on Sydney Wilson.,22,14,8,11,0.7246896343974039,Missouri State,Northern Iowa,4,4,0,0,NA,401180350,2020-01-12,
92,2,8:40,1720,1720,Karli Rucker made Jumper.,22,16,6,10,0.6747215508385841,Missouri State,Northern Iowa,4,4,0,0,NA,401180350,2020-01-12,Northern Iowa
93,2,8:30,1710,1710,Sydney Wilson missed Jumper.,22,16,6,0,0.6754739337532675,Missouri State,Northern Iowa,4,4,0,0,NA,401180350,2020-01-12,
94,2,8:30,1710,1710,Sydney Wilson Offensive Rebound.,22,16,6,2,0.6754739337532675,Missouri State,Northern Iowa,4,4,0,0,NA,401180350,2020-01-12,
95,2,8:28,1708,1708,Sydney Wilson made Jumper.,24,16,8,22,0.7267744415650238,Missouri State,Northern Iowa,4,4,0,0,NA,401180350,2020-01-12,Missouri State
96,2,8:06,1686,1686,Kam Finley missed Three Point Jumper.,24,16,8,0,0.7288032210389012,Missouri State,Northern Iowa,4,4,0,0,NA,401180350,2020-01-12,
97,2,8:06,1686,1686,Jasmine Franklin Defensive Rebound.,24,16,8,12,0.7288032210389012,Missouri State,Northern Iowa,4,4,0,0,NA,401180350,2020-01-12,
98,2,7:54,1674,1674,Sydney Wilson made Jumper. Assisted by Alexa Willard.,26,16,10,0,0.7760219591991953,Missouri State,Northern Iowa,4,4,0,0,NA,401180350,2020-01-12,Missouri State
99,2,7:54,1674,1674,Foul on Kristina Cavey.,26,16,10,0,0.7760219591991953,Missouri State,Northern Iowa,4,4,0,0,NA,401180350,2020-01-12,
100,2,7:54,1674,1674,Sydney Wilson made Free Throw.,27,16,11,12,0.7968782061798372,Missouri State,Northern Iowa,4,4,0,0,NA,401180350,2020-01-12,Missouri State
101,2,7:42,1662,1662,Abby Gerrits made Layup.,27,18,9,16,0.7548240857325392,Missouri State,Northern Iowa,4,4,0,0,NA,401180350,2020-01-12,Northern Iowa
102,2,7:26,1646,1646,Jasmine Franklin missed Jumper.,27,18,9,0,0.7563122133407966,Missouri State,Northern Iowa,4,4,0,0,NA,401180350,2020-01-12,
103,2,7:26,1646,1646,Brice Calip Offensive Rebound.,27,18,9,1,0.7563122133407966,Missouri State,Northern Iowa,4,4,0,0,NA,401180350,2020-01-12,
104,2,7:25,1645,1645,Foul on Kam Finley.,27,18,9,0,0.7564042733067828,Missouri State,Northern Iowa,4,4,0,0,NA,401180350,2020-01-12,
105,2,7:25,1645,1645,Brice Calip made Free Throw.,28,18,10,0,0.778847407032025,Missouri State,Northern Iowa,4,4,0,0,NA,401180350,2020-01-12,Missouri State
106,2,7:25,1645,1645,Brice Calip made Free Throw.,29,18,11,16,0.7997701529758513,Missouri State,Northern Iowa,4,4,0,0,NA,401180350,2020-01-12,Missouri State
107,2,7:09,1629,1629,Foul on Jasmine Franklin.,29,18,11,0,0.8013203116837267,Missouri State,Northern Iowa,4,4,0,0,NA,401180350,2020-01-12,
108,2,7:09,1629,1629,Cynthia Wolf made Free Throw.,29,19,10,0,0.7803638603674355,Missouri State,Northern Iowa,4,4,0,0,NA,401180350,2020-01-12,Northern Iowa
109,2,7:09,1629,1629,Cynthia Wolf made Free Throw.,29,20,9,13,0.7578648864670475,Missouri State,Northern Iowa,4,4,0,0,NA,401180350,2020-01-12,Northern Iowa
110,2,6:56,1616,1616,Brice Calip made Jumper.,31,20,11,23,0.8025634137843198,Missouri State,Northern Iowa,4,4,0,0,NA,401180350,2020-01-12,Missouri State
111,2,6:33,1593,1593,Karli Rucker missed Jumper.,31,20,11,0,0.8047408212777769,Missouri State,Northern Iowa,4,4,0,0,NA,401180350,2020-01-12,
112,2,6:33,1593,1593,Sydney Wilson Defensive Rebound.,31,20,11,6,0.8047408212777769,Missouri State,Northern Iowa,4,4,0,0,NA,401180350,2020-01-12,
113,2,6:27,1587,1587,Alexa Willard made Layup. Assisted by Mya Bhinhar.,33,20,13,30,0.8426317991511891,Missouri State,Northern Iowa,4,4,0,0,NA,401180350,2020-01-12,Missouri State
114,2,5:57,1557,1557,Abby Gerrits made Three Point Jumper. Assisted by Heidi Hillyard.,33,23,10,23,0.7870529312364681,Missouri State,Northern Iowa,4,4,0,0,NA,401180350,2020-01-12,Northern Iowa
115,2,5:34,1534,1534,Foul on Karli Rucker.,33,23,10,0,0.7892178319308841,Missouri State,Northern Iowa,4,4,0,0,NA,401180350,2020-01-12,
116,2,5:34,1534,1534,Jasmine Franklin missed Free Throw.,33,23,10,0,0.7892178319308841,Missouri State,Northern Iowa,4,4,0,0,NA,401180350,2020-01-12,
117,2,5:34,1534,1534,Missouri State Deadball Team Rebound.,33,23,10,0,0.7892178319308841,Missouri State,Northern Iowa,4,4,0,0,NA,401180350,2020-01-12,
118,2,5:34,1534,1534,Jasmine Franklin made Free Throw.,34,23,11,13,0.8103427579308768,Missouri State,Northern Iowa,4,4,0,0,NA,401180350,2020-01-12,Missouri State
119,2,5:21,1521,1521,Kam Finley Turnover.,34,23,11,0,0.8116070881791088,Missouri State,Northern Iowa,4,4,0,0,NA,401180350,2020-01-12,
120,2,5:21,1521,1521,Mya Bhinhar Steal.,34,23,11,19,0.8116070881791088,Missouri State,Northern Iowa,4,4,0,0,NA,401180350,2020-01-12,
121,2,5:02,1502,1502,Alexa Willard missed Jumper.,34,23,11,0,0.8134903650627827,Missouri State,Northern Iowa,4,4,0,0,NA,401180350,2020-01-12,
122,2,5:02,1502,1502,Bre Gunnels Block.,34,23,11,1,0.8134903650627827,Missouri State,Northern Iowa,4,4,0,0,NA,401180350,2020-01-12,
123,2,5:01,1501,1501,Bre Gunnels Defensive Rebound.,34,23,11,11,0.8135908316859711,Missouri State,Northern Iowa,4,4,0,0,NA,401180350,2020-01-12,
124,2,4:50,1490,1490,Kam Finley missed Three Point Jumper.,34,23,11,0,0.8147059567217065,Missouri State,Northern Iowa,4,4,0,0,NA,401180350,2020-01-12,
125,2,4:50,1490,1490,Bre Gunnels Offensive Rebound.,34,23,11,9,0.8147059567217065,Missouri State,Northern Iowa,4,4,0,0,NA,401180350,2020-01-12,
126,2,4:41,1481,1481,Nicole Kroeger missed Three Point Jumper.,34,23,11,0,0.8156329548703513,Missouri State,Northern Iowa,4,4,0,0,NA,401180350,2020-01-12,
127,2,4:41,1481,1481,Mya Bhinhar Defensive Rebound.,34,23,11,9,0.8156329548703513,Missouri State,Northern Iowa,4,4,0,0,NA,401180350,2020-01-12,
128,2,4:32,1472,1472,Sydney Manning made Three Point Jumper. Assisted by Mya Bhinhar.,37,23,14,16,0.8699565202926216,Missouri State,Northern Iowa,4,4,0,0,NA,401180350,2020-01-12,Missouri State
129,2,4:16,1456,1456,Rose Simon-Ressler missed Jumper.,37,23,14,20,0.8715998585143572,Missouri State,Northern Iowa,4,4,0,0,NA,401180350,2020-01-12,
130,2,3:56,1436,1436,Alexa Willard Defensive Rebound.,37,23,14,5,0.8736713212020879,Missouri State,Northern Iowa,4,4,0,0,NA,401180350,2020-01-12,
131,2,3:51,1431,1431,Sydney Manning missed Jumper.,37,23,14,0,0.8741734968969382,Missouri State,Northern Iowa,4,4,0,0,NA,401180350,2020-01-12,
132,2,3:51,1431,1431,Heidi Hillyard Defensive Rebound.,37,23,14,13,0.8741734968969382,Missouri State,Northern Iowa,4,4,0,0,NA,401180350,2020-01-12,
133,2,3:38,1418,1418,Foul on Shameka Ealy.,37,23,14,0,0.87545060011173,Missouri State,Northern Iowa,4,4,0,0,NA,401180350,2020-01-12,
134,2,3:38,1418,1418,Official TV Timeout,37,23,14,1,0.87545060011173,Missouri State,Northern Iowa,4,4,0,0,NA,401180350,2020-01-12,
135,2,3:37,1417,1417,Rose Simon-Ressler Turnover.,37,23,14,9,0.875547280598309,Missouri State,Northern Iowa,4,4,0,0,NA,401180350,2020-01-12,
136,2,3:28,1408,1408,Shameka Ealy made Jumper.,39,23,16,17,0.9036701947994327,Missouri State,Northern Iowa,4,4,0,0,NA,401180350,2020-01-12,Missouri State
137,2,3:11,1391,1391,Rose Simon-Ressler missed Three Point Jumper.,39,23,16,0,0.9051284631850092,Missouri State,Northern Iowa,4,4,0,0,NA,401180350,2020-01-12,
138,2,3:11,1391,1391,Abby Hipp Defensive Rebound.,39,23,16,16,0.9051284631850092,Missouri State,Northern Iowa,4,4,0,0,NA,401180350,2020-01-12,
139,2,2:55,1375,1375,Elle Ruffridge missed Three Point Jumper.,39,23,16,0,0.9064677127723922,Missouri State,Northern Iowa,4,4,0,0,NA,401180350,2020-01-12,
140,2,2:55,1375,1375,Kristina Cavey Defensive Rebound.,39,23,16,20,0.9064677127723922,Missouri State,Northern Iowa,4,4,0,0,NA,401180350,2020-01-12,
141,2,2:35,1355,1355,Kam Finley missed Jumper.,39,23,16,0,0.9081142864832553,Missouri State,Northern Iowa,4,4,0,0,NA,401180350,2020-01-12,
142,2,2:35,1355,1355,Shameka Ealy Block.,39,23,16,2,0.9081142864832553,Missouri State,Northern Iowa,4,4,0,0,NA,401180350,2020-01-12,
143,2,2:33,1353,1353,Elle Ruffridge Defensive Rebound.,39,23,16,8,0.9082780126461247,Missouri State,Northern Iowa,4,4,0,0,NA,401180350,2020-01-12,
144,2,2:25,1345,1345,Mya Bhinhar missed Jumper.,39,23,16,0,0.9089322600753809,Missouri State,Northern Iowa,4,4,0,0,NA,401180350,2020-01-12,
145,2,2:25,1345,1345,Shameka Ealy Offensive Rebound.,39,23,16,2,0.9089322600753809,Missouri State,Northern Iowa,4,4,0,0,NA,401180350,2020-01-12,
146,2,2:23,1343,1343,Foul on Rose Simon-Ressler.,39,23,16,0,0.9090957585420069,Missouri State,Northern Iowa,4,4,0,0,NA,401180350,2020-01-12,
147,2,2:23,1343,1343,Shameka Ealy made Free Throw.,40,23,17,0,0.9203094533373911,Missouri State,Northern Iowa,4,4,0,0,NA,401180350,2020-01-12,Missouri State
148,2,2:23,1343,1343,Shameka Ealy made Free Throw.,41,23,18,5,0.930245996352323,Missouri State,Northern Iowa,4,4,0,0,NA,401180350,2020-01-12,Missouri State
149,2,2:18,1338,1338,Kam Finley made Three Point Jumper. Assisted by Karli Rucker.,41,26,15,26,0.8969121239278308,Missouri State,Northern Iowa,4,4,0,0,NA,401180350,2020-01-12,Northern Iowa
150,2,1:52,1312,1312,Abby Hipp made Layup. Assisted by Elle Ruffridge.,43,26,17,29,0.9227092114945901,Missouri State,Northern Iowa,4,4,0,0,NA,401180350,2020-01-12,Missouri State
151,2,1:23,1283,1283,Heidi Hillyard made Three Point Jumper. Assisted by Karli Rucker.,43,29,14,9,0.8878604432166245,Missouri State,Northern Iowa,4,4,0,0,NA,401180350,2020-01-12,Northern Iowa
152,2,1:14,1274,1274,Shameka Ealy missed Three Point Jumper.,43,29,14,0,0.8887272830015643,Missouri State,Northern Iowa,4,4,0,0,NA,401180350,2020-01-12,
153,2,1:14,1274,1274,Cailyn Morgan Defensive Rebound.,43,29,14,8,0.8887272830015643,Missouri State,Northern Iowa,4,4,0,0,NA,401180350,2020-01-12,
154,2,1:06,1266,1266,Foul on Shameka Ealy.,43,29,14,18,0.8895104641490864,Missouri State,Northern Iowa,4,4,0,0,NA,401180350,2020-01-12,
155,2,0:48,1248,1248,Foul on Cailyn Morgan.,43,29,14,0,0.8913219223219193,Missouri State,Northern Iowa,4,4,0,0,NA,401180350,2020-01-12,
156,2,0:48,1248,1248,Cailyn Morgan Turnover.,43,29,14,9,0.8913219223219193,Missouri State,Northern Iowa,4,4,0,0,NA,401180350,2020-01-12,
157,2,0:39,1239,1239,Foul on Cynthia Wolf.,43,29,14,0,0.8922560800764684,Missouri State,Northern Iowa,4,4,0,0,NA,401180350,2020-01-12,
158,2,0:39,1239,1239,Brice Calip made Free Throw.,44,29,15,0,0.9059361977587898,Missouri State,Northern Iowa,4,4,0,0,NA,401180350,2020-01-12,Missouri State
159,2,0:39,1239,1239,Brice Calip missed Free Throw.,44,29,15,0,0.9059361977587898,Missouri State,Northern Iowa,4,4,0,0,NA,401180350,2020-01-12,
160,2,0:39,1239,1239,Heidi Hillyard Defensive Rebound.,44,29,15,1,0.9059361977587898,Missouri State,Northern Iowa,4,4,0,0,NA,401180350,2020-01-12,
161,2,0:38,1238,1238,Foul on Abby Hipp.,44,29,15,0,0.9060359663326893,Missouri State,Northern Iowa,4,4,0,0,NA,401180350,2020-01-12,
162,2,0:38,1238,1238,Heidi Hillyard made Free Throw.,44,30,14,0,0.8923611341617408,Missouri State,Northern Iowa,4,4,0,0,NA,401180350,2020-01-12,Northern Iowa
163,2,0:38,1238,1238,Heidi Hillyard missed Free Throw.,44,30,14,0,0.8923611341617408,Missouri State,Northern Iowa,4,4,0,0,NA,401180350,2020-01-12,
164,2,0:38,1238,1238,Sydney Wilson Defensive Rebound.,44,30,14,1,0.8923611341617408,Missouri State,Northern Iowa,4,4,0,0,NA,401180350,2020-01-12,
165,2,0:37,1237,1237,Foul on Heidi Hillyard.,44,30,14,0,0.8924664467038973,Missouri State,Northern Iowa,4,4,0,0,NA,401180350,2020-01-12,
166,2,0:37,1237,1237,Sydney Wilson missed Free Throw.,44,30,14,0,0.8924664467038973,Missouri State,Northern Iowa,4,4,0,0,NA,401180350,2020-01-12,
167,2,0:37,1237,1237,Missouri State Deadball Team Rebound.,44,30,14,0,0.8924664467038973,Missouri State,Northern Iowa,4,4,0,0,NA,401180350,2020-01-12,
168,2,0:37,1237,1237,Sydney Wilson made Free Throw.,45,30,15,12,0.9061359710121887,Missouri State,Northern Iowa,4,4,0,0,NA,401180350,2020-01-12,Missouri State
169,2,0:25,1225,1225,Cailyn Morgan Turnover.,45,30,15,0,0.9073550243024516,Missouri State,Northern Iowa,4,4,0,0,NA,401180350,2020-01-12,
170,2,0:25,1225,1225,Brice Calip Steal.,45,30,15,23,0.9073550243024516,Missouri State,Northern Iowa,4,4,0,0,NA,401180350,2020-01-12,
171,2,0:02,1202,1202,Sydney Manning missed Three Point Jumper.,45,30,15,0,0.9097767471296827,Missouri State,Northern Iowa,4,4,0,0,NA,401180350,2020-01-12,
172,2,0:02,1202,1202,Northern Iowa Deadball Team Rebound.,45,30,15,2,0.9097767471296827,Missouri State,Northern Iowa,4,4,0,0,NA,401180350,2020-01-12,
173,2,0:00,1200,1200,End of 2nd Quarter,45,30,15,11,0.9099848741674551,Missouri State,Northern Iowa,4,4,0,0,NA,401180350,2020-01-12,
174,3,9:49,1189,1189,Karli Rucker missed Jumper.,45,30,15,0,0.9111079809879064,Missouri State,Northern Iowa,5,5,0,0,NA,401180350,2020-01-12,
175,3,9:49,1189,1189,Jasmine Franklin Defensive Rebound.,45,30,15,8,0.9111079809879064,Missouri State,Northern Iowa,5,5,0,0,NA,401180350,2020-01-12,
176,3,9:41,1181,1181,Brice Calip Turnover.,45,30,15,13,0.9119039489163225,Missouri State,Northern Iowa,5,5,0,0,NA,401180350,2020-01-12,
177,3,9:28,1168,1168,Foul on Jasmine Franklin.,45,30,15,0,0.9131655701645862,Missouri State,Northern Iowa,5,5,0,0,NA,401180350,2020-01-12,
178,3,9:28,1168,1168,Bre Gunnels made Free Throw.,45,31,14,0,0.8998945155821024,Missouri State,Northern Iowa,5,5,0,0,NA,401180350,2020-01-12,Northern Iowa
179,3,9:28,1168,1168,Bre Gunnels made Free Throw.,45,32,13,25,0.8848509812414656,Missouri State,Northern Iowa,5,5,0,0,NA,401180350,2020-01-12,Northern Iowa
180,3,9:03,1143,1143,Jasmine Franklin Turnover.,45,32,13,2,0.8874652600638138,Missouri State,Northern Iowa,5,5,0,0,NA,401180350,2020-01-12,
181,3,9:01,1141,1141,Bre Gunnels Steal.,45,32,13,4,0.8876709862706899,Missouri State,Northern Iowa,5,5,0,0,NA,401180350,2020-01-12,
182,3,8:57,1137,1137,Karli Rucker missed Layup.,45,32,13,0,0.8880813764053013,Missouri State,Northern Iowa,5,5,0,0,NA,401180350,2020-01-12,
183,3,8:57,1137,1137,Mya Bhinhar Block.,45,32,13,2,0.8880813764053013,Missouri State,Northern Iowa,5,5,0,0,NA,401180350,2020-01-12,
184,3,8:55,1135,1135,Jasmine Franklin Defensive Rebound.,45,32,13,6,0.8882860976638868,Missouri State,Northern Iowa,5,5,0,0,NA,401180350,2020-01-12,
185,3,8:49,1129,1129,Alexa Willard missed Jumper.,45,32,13,0,0.8888987064046863,Missouri State,Northern Iowa,5,5,0,0,NA,401180350,2020-01-12,
186,3,8:49,1129,1129,Rose Simon-Ressler Defensive Rebound.,45,32,13,15,0.8888987064046863,Missouri State,Northern Iowa,5,5,0,0,NA,401180350,2020-01-12,
187,3,8:34,1114,1114,Bre Gunnels Turnover.,45,32,13,1,0.890424211067519,Missouri State,Northern Iowa,5,5,0,0,NA,401180350,2020-01-12,
188,3,8:33,1113,1113,Jasmine Franklin Steal.,45,32,13,3,0.8905258052704332,Missouri State,Northern Iowa,5,5,0,0,NA,401180350,2020-01-12,
189,3,8:30,1110,1110,Jasmine Franklin Turnover.,45,32,13,1,0.8908306348832925,Missouri State,Northern Iowa,5,5,0,0,NA,401180350,2020-01-12,
190,3,8:29,1109,1109,Cynthia Wolf Steal.,45,32,13,2,0.8909322713396749,Missouri State,Northern Iowa,5,5,0,0,NA,401180350,2020-01-12,
191,3,8:27,1107,1107,Cynthia Wolf made Jumper.,45,34,11,8,0.8555669668222937,Missouri State,Northern Iowa,5,5,0,0,NA,401180350,2020-01-12,Northern Iowa
192,3,8:19,1099,1099,Sydney Wilson missed Jumper.,45,34,11,0,0.8564456068917685,Missouri State,Northern Iowa,5,5,0,0,NA,401180350,2020-01-12,
193,3,8:19,1099,1099,Rose Simon-Ressler Defensive Rebound.,45,34,11,13,0.8564456068917685,Missouri State,Northern Iowa,5,5,0,0,NA,401180350,2020-01-12,
194,3,8:06,1086,1086,Karli Rucker made Jumper.,45,36,9,3,0.8132019348210804,Missouri State,Northern Iowa,5,5,0,0,NA,401180350,2020-01-12,Northern Iowa
195,3,8:03,1083,1083,Missouri State  Timeout,45,36,9,0,0.8135431810929075,Missouri State,Northern Iowa,5,4,0,1,NA,401180350,2020-01-12,
196,3,8:03,1083,1083,Official TV Timeout,45,36,9,15,0.8135431810929075,Missouri State,Northern Iowa,5,4,0,1,NA,401180350,2020-01-12,
197,3,7:48,1068,1068,Abby Hipp missed Jumper.,45,36,9,0,0.8152719559712799,Missouri State,Northern Iowa,5,4,0,1,NA,401180350,2020-01-12,
198,3,7:48,1068,1068,Bre Gunnels Defensive Rebound.,45,36,9,25,0.8152719559712799,Missouri State,Northern Iowa,5,4,0,1,NA,401180350,2020-01-12,
199,3,7:23,1043,1043,Karli Rucker missed Jumper.,45,36,9,0,0.8182606894208333,Missouri State,Northern Iowa,5,4,0,1,NA,401180350,2020-01-12,
200,3,7:23,1043,1043,Missouri State Defensive Rebound.,45,36,9,19,0.8182606894208333,Missouri State,Northern Iowa,5,4,0,1,NA,401180350,2020-01-12,
201,3,7:04,1024,1024,Sydney Manning missed Jumper.,45,36,9,0,0.8206483630412487,Missouri State,Northern Iowa,5,4,0,1,NA,401180350,2020-01-12,
202,3,7:04,1024,1024,Abby Hipp Offensive Rebound.,45,36,9,20,0.8206483630412487,Missouri State,Northern Iowa,5,4,0,1,NA,401180350,2020-01-12,
203,3,6:44,1004,1004,Elle Ruffridge missed Jumper.,45,36,9,0,0.8232954042976173,Missouri State,Northern Iowa,5,4,0,0,NA,401180350,2020-01-12,
204,3,6:44,1004,1004,Cynthia Wolf Defensive Rebound.,45,36,9,10,0.8232954042976173,Missouri State,Northern Iowa,5,4,0,0,NA,401180350,2020-01-12,
205,3,6:34,994,994,Nicole Kroeger Turnover.,45,36,9,13,0.8246773317054278,Missouri State,Northern Iowa,5,4,0,0,NA,401180350,2020-01-12,
206,3,6:21,981,981,Alexa Willard missed Jumper.,45,36,9,0,0.8265377907091604,Missouri State,Northern Iowa,5,4,0,0,NA,401180350,2020-01-12,
207,3,6:21,981,981,Karli Rucker Defensive Rebound.,45,36,9,8,0.8265377907091604,Missouri State,Northern Iowa,5,4,0,0,NA,401180350,2020-01-12,
208,3,6:13,973,973,Cynthia Wolf missed Three Point Jumper.,45,36,9,0,0.8277208151380256,Missouri State,Northern Iowa,5,4,0,0,NA,401180350,2020-01-12,
209,3,6:13,973,973,Abby Hipp Defensive Rebound.,45,36,9,8,0.8277208151380256,Missouri State,Northern Iowa,5,4,0,0,NA,401180350,2020-01-12,
210,3,6:05,965,965,Brice Calip missed Jumper.,45,36,9,0,0.8289159260305569,Missouri State,Northern Iowa,5,4,0,0,NA,401180350,2020-01-12,
211,3,6:05,965,965,Emily Gartner Offensive Rebound.,45,36,9,21,0.8289159260305569,Missouri State,Northern Iowa,5,4,0,0,NA,401180350,2020-01-12,
212,3,5:44,944,944,Emily Gartner missed Jumper.,45,36,9,0,0.8317977953250657,Missouri State,Northern Iowa,5,4,0,0,NA,401180350,2020-01-12,
213,3,5:44,944,944,Emily Gartner Offensive Rebound.,45,36,9,2,0.8317977953250657,Missouri State,Northern Iowa,5,4,0,0,NA,401180350,2020-01-12,
214,3,5:42,942,942,Foul on Cynthia Wolf.,45,36,9,7,0.8320544114486726,Missouri State,Northern Iowa,5,4,0,0,NA,401180350,2020-01-12,
215,3,5:35,935,935,Abby Hipp made Three Point Jumper. Assisted by Emily Gartner.,48,36,12,22,0.8949249762666083,Missouri State,Northern Iowa,5,4,0,0,NA,401180350,2020-01-12,Missouri State
216,3,5:13,913,913,Karli Rucker Turnover.,48,36,12,10,0.897243050038283,Missouri State,Northern Iowa,5,4,0,0,NA,401180350,2020-01-12,
217,3,5:03,903,903,Foul on Bre Gunnels.,48,36,12,2,0.8982327100688837,Missouri State,Northern Iowa,5,4,0,0,NA,401180350,2020-01-12,
218,3,5:01,901,901,Foul on Heidi Hillyard.,48,36,12,0,0.898427154819306,Missouri State,Northern Iowa,5,4,0,0,NA,401180350,2020-01-12,
219,3,5:01,901,901,Alexa Willard missed Free Throw.,48,36,12,0,0.898427154819306,Missouri State,Northern Iowa,5,4,0,0,NA,401180350,2020-01-12,
220,3,5:01,901,901,Missouri State Deadball Team Rebound.,48,36,12,0,0.898427154819306,Missouri State,Northern Iowa,5,4,0,0,NA,401180350,2020-01-12,
221,3,5:01,901,901,Alexa Willard made Free Throw.,49,36,13,10,0.9138459614223873,Missouri State,Northern Iowa,5,4,0,0,NA,401180350,2020-01-12,Missouri State
222,3,4:51,891,891,Karli Rucker missed Three Point Jumper.,49,36,13,0,0.9147417089387966,Missouri State,Northern Iowa,5,4,0,0,NA,401180350,2020-01-12,
223,3,4:51,891,891,Sydney Manning Defensive Rebound.,49,36,13,12,0.9147417089387966,Missouri State,Northern Iowa,5,4,0,0,NA,401180350,2020-01-12,
224,3,4:39,879,879,Emily Gartner missed Jumper.,49,36,13,0,0.9157968793852292,Missouri State,Northern Iowa,5,4,0,0,NA,401180350,2020-01-12,
225,3,4:39,879,879,Karli Rucker Defensive Rebound.,49,36,13,12,0.9157968793852292,Missouri State,Northern Iowa,5,4,0,0,NA,401180350,2020-01-12,
226,3,4:27,867,867,Karli Rucker missed Jumper.,49,36,13,0,0.9168439261841366,Missouri State,Northern Iowa,5,4,0,0,NA,401180350,2020-01-12,
227,3,4:27,867,867,Emily Gartner Defensive Rebound.,49,36,13,15,0.9168439261841366,Missouri State,Northern Iowa,5,4,0,0,NA,401180350,2020-01-12,
228,3,4:12,852,852,Foul on Kristina Cavey.,49,36,13,0,0.9181619383916011,Missouri State,Northern Iowa,5,4,0,0,NA,401180350,2020-01-12,
229,3,4:12,852,852,Official TV Timeout,49,36,13,0,0.9181619383916011,Missouri State,Northern Iowa,5,4,0,0,NA,401180350,2020-01-12,
230,3,4:12,852,852,Brice Calip made Free Throw.,50,36,14,0,0.9310931019181068,Missouri State,Northern Iowa,5,4,0,0,NA,401180350,2020-01-12,Missouri State
231,3,4:12,852,852,Brice Calip made Free Throw.,51,36,15,11,0.9421098496503963,Missouri State,Northern Iowa,5,4,0,0,NA,401180350,2020-01-12,Missouri State
232,3,4:01,841,841,Heidi Hillyard made Three Point Jumper. Assisted by Kam Finley.,51,39,12,10,0.9041183903751133,Missouri State,Northern Iowa,5,4,0,0,NA,401180350,2020-01-12,Northern Iowa
233,3,3:51,831,831,Abby Hipp made Jumper. Assisted by Sydney Manning.,53,39,14,21,0.932844576976066,Missouri State,Northern Iowa,5,4,0,0,NA,401180350,2020-01-12,Missouri State
234,3,3:30,810,810,Foul on Alexa Willard.,53,39,14,1,0.9347100340894975,Missouri State,Northern Iowa,5,4,0,0,NA,401180350,2020-01-12,
235,3,3:29,809,809,Abby Gerrits missed Three Point Jumper.,53,39,14,0,0.9348025995141105,Missouri State,Northern Iowa,5,4,0,0,NA,401180350,2020-01-12,
236,3,3:29,809,809,Emily Gartner Defensive Rebound.,53,39,14,8,0.9348025995141105,Missouri State,Northern Iowa,5,4,0,0,NA,401180350,2020-01-12,
237,3,3:21,801,801,Brice Calip made Jumper. Assisted by Sydney Manning.,55,39,16,22,0.9551077566457693,Missouri State,Northern Iowa,5,4,0,0,NA,401180350,2020-01-12,Missouri State
238,3,2:59,779,779,Foul on Kristina Cavey.,55,39,16,0,0.9569062883731141,Missouri State,Northern Iowa,5,4,0,0,NA,401180350,2020-01-12,
239,3,2:59,779,779,Kristina Cavey Turnover.,55,39,16,25,0.9569062883731141,Missouri State,Northern Iowa,5,4,0,0,NA,401180350,2020-01-12,
240,3,2:34,754,754,Sydney Manning Turnover.,55,39,16,1,0.9591760006322679,Missouri State,Northern Iowa,5,4,0,0,NA,401180350,2020-01-12,
241,3,2:33,753,753,Kam Finley Steal.,55,39,16,11,0.9592722202488803,Missouri State,Northern Iowa,5,4,0,0,NA,401180350,2020-01-12,
242,3,2:22,742,742,Abby Gerrits made Jumper.,55,41,14,0,0.9420795176432326,Missouri State,Northern Iowa,5,4,0,0,NA,401180350,2020-01-12,Northern Iowa
243,3,2:22,742,742,Foul on Emily Gartner.,55,41,14,0,0.9420795176432326,Missouri State,Northern Iowa,5,4,0,0,NA,401180350,2020-01-12,
244,3,2:22,742,742,Abby Gerrits made Free Throw.,55,42,13,11,0.930202427403045,Missouri State,Northern Iowa,5,4,0,0,NA,401180350,2020-01-12,Northern Iowa
245,3,2:11,731,731,Mya Bhinhar made Jumper. Assisted by Abby Hipp.,57,42,15,23,0.9533230534493788,Missouri State,Northern Iowa,5,4,0,0,NA,401180350,2020-01-12,Missouri State
246,3,1:48,708,708,Kam Finley missed Three Point Jumper.,57,42,15,0,0.9558180443778764,Missouri State,Northern Iowa,5,4,0,0,NA,401180350,2020-01-12,
247,3,1:48,708,708,Alexa Willard Defensive Rebound.,57,42,15,8,0.9558180443778764,Missouri State,Northern Iowa,5,4,0,0,NA,401180350,2020-01-12,
248,3,1:40,700,700,Alexa Willard missed Jumper.,57,42,15,0,0.9565737191404222,Missouri State,Northern Iowa,5,4,0,0,NA,401180350,2020-01-12,
249,3,1:40,700,700,Northern Iowa Deadball Team Rebound.,57,42,15,2,0.9565737191404222,Missouri State,Northern Iowa,5,4,0,0,NA,401180350,2020-01-12,
250,3,1:38,698,698,Foul on Alexa Willard.,57,42,15,16,0.956755594288633,Missouri State,Northern Iowa,5,4,0,0,NA,401180350,2020-01-12,
251,3,1:22,682,682,Abby Gerrits missed Three Point Jumper.,57,42,15,0,0.9581299012965574,Missouri State,Northern Iowa,5,4,0,0,NA,401180350,2020-01-12,
252,3,1:22,682,682,Emily Gartner Defensive Rebound.,57,42,15,18,0.9581299012965574,Missouri State,Northern Iowa,5,4,0,0,NA,401180350,2020-01-12,
253,3,1:04,664,664,Alexa Willard made Jumper. Assisted by Jasmine Franklin.,59,42,17,14,0.973113995500173,Missouri State,Northern Iowa,5,4,0,0,NA,401180350,2020-01-12,Missouri State
254,3,0:50,650,650,Bre Gunnels missed Three Point Jumper.,59,42,17,0,0.9739362919940487,Missouri State,Northern Iowa,5,4,0,0,NA,401180350,2020-01-12,
255,3,0:50,650,650,Emily Gartner Defensive Rebound.,59,42,17,11,0.9739362919940487,Missouri State,Northern Iowa,5,4,0,0,NA,401180350,2020-01-12,
256,3,0:39,639,639,Mya Bhinhar Turnover.,59,42,17,31,0.9745825966860777,Missouri State,Northern Iowa,5,4,0,0,NA,401180350,2020-01-12,
257,3,0:08,608,608,Northern Iowa  Turnover.,59,42,17,7,0.976502709284588,Missouri State,Northern Iowa,5,4,0,0,NA,401180350,2020-01-12,
258,3,0:01,601,601,Mya Bhinhar missed Jumper.,59,42,17,0,0.9769709006805242,Missouri State,Northern Iowa,5,4,0,0,NA,401180350,2020-01-12,
259,3,0:01,601,601,Kiana Barney Block.,59,42,17,1,0.9769709006805242,Missouri State,Northern Iowa,5,4,0,0,NA,401180350,2020-01-12,
260,3,0:00,600,600,Rose Simon-Ressler Defensive Rebound.,59,42,17,0,0.9770391102371526,Missouri State,Northern Iowa,5,4,0,0,NA,401180350,2020-01-12,
261,3,0:00,600,600,End of 3rd Quarter,59,42,17,8,0.9770391102371526,Missouri State,Northern Iowa,5,4,0,0,NA,401180350,2020-01-12,
262,4,9:52,592,592,Alexa Willard Turnover.,59,42,17,12,0.9775975260820983,Missouri State,Northern Iowa,6,5,0,0,NA,401180350,2020-01-12,
263,4,9:40,580,580,Kam Finley missed Jumper.,59,42,17,0,0.9784805055326393,Missouri State,Northern Iowa,6,5,0,0,NA,401180350,2020-01-12,
264,4,9:40,580,580,Jasmine Franklin Defensive Rebound.,59,42,17,11,0.9784805055326393,Missouri State,Northern Iowa,6,5,0,0,NA,401180350,2020-01-12,
265,4,9:29,569,569,Alexa Willard missed Jumper.,59,42,17,0,0.9793409577704556,Missouri State,Northern Iowa,6,5,0,0,NA,401180350,2020-01-12,
266,4,9:29,569,569,Mya Bhinhar Offensive Rebound.,59,42,17,4,0.9793409577704556,Missouri State,Northern Iowa,6,5,0,0,NA,401180350,2020-01-12,
267,4,9:25,565,565,Foul on Nicole Kroeger.,59,42,17,0,0.9796663299907288,Missouri State,Northern Iowa,6,5,0,0,NA,401180350,2020-01-12,
268,4,9:25,565,565,Mya Bhinhar made Free Throw.,60,42,18,0,0.9837434812192034,Missouri State,Northern Iowa,6,5,0,0,NA,401180350,2020-01-12,Missouri State
269,4,9:25,565,565,Mya Bhinhar made Free Throw.,61,42,19,7,0.9870139501123786,Missouri State,Northern Iowa,6,5,0,0,NA,401180350,2020-01-12,Missouri State
270,4,9:18,558,558,Nicole Kroeger made Three Point Jumper.,61,45,16,9,0.9752786801403266,Missouri State,Northern Iowa,6,5,0,0,NA,401180350,2020-01-12,Northern Iowa
271,4,9:09,549,549,Sydney Manning missed Three Point Jumper.,61,45,16,0,0.97619604545563,Missouri State,Northern Iowa,6,5,0,0,NA,401180350,2020-01-12,
272,4,9:09,549,549,Kam Finley Defensive Rebound.,61,45,16,12,0.97619604545563,Missouri State,Northern Iowa,6,5,0,0,NA,401180350,2020-01-12,
273,4,8:57,537,537,Heidi Hillyard Turnover.,61,45,16,14,0.9773111984099607,Missouri State,Northern Iowa,6,5,0,0,NA,401180350,2020-01-12,
274,4,8:43,523,523,Emily Gartner made Jumper. Assisted by Alexa Willard.,63,45,18,7,0.9864769658929916,Missouri State,Northern Iowa,6,5,0,0,NA,401180350,2020-01-12,Missouri State
275,4,8:36,516,516,Kam Finley made Three Point Jumper. Assisted by Nicole Kroeger.,63,48,15,30,0.9733136631711427,Missouri State,Northern Iowa,6,5,0,0,NA,401180350,2020-01-12,Northern Iowa
276,4,8:06,486,486,Mya Bhinhar missed Jumper.,63,48,15,0,0.9755814621847985,Missouri State,Northern Iowa,6,5,0,0,NA,401180350,2020-01-12,
277,4,8:06,486,486,Heidi Hillyard Defensive Rebound.,63,48,15,6,0.9755814621847985,Missouri State,Northern Iowa,6,5,0,0,NA,401180350,2020-01-12,
278,4,8:00,480,480,Karli Rucker Turnover.,63,48,15,22,0.9760446797585325,Missouri State,Northern Iowa,6,5,0,0,NA,401180350,2020-01-12,
279,4,7:38,458,458,Abby Hipp made Jumper.,65,48,17,10,0.9865553251441633,Missouri State,Northern Iowa,6,5,0,0,NA,401180350,2020-01-12,Missouri State
280,4,7:28,448,448,Kam Finley missed Three Point Jumper.,65,48,17,0,0.9872265671504197,Missouri State,Northern Iowa,6,5,0,0,NA,401180350,2020-01-12,
281,4,7:28,448,448,Sydney Wilson Defensive Rebound.,65,48,17,12,0.9872265671504197,Missouri State,Northern Iowa,6,5,0,0,NA,401180350,2020-01-12,
282,4,7:16,436,436,Foul on Kam Finley.,65,48,17,7,0.9881082141414389,Missouri State,Northern Iowa,6,5,0,0,NA,401180350,2020-01-12,
283,4,7:09,429,429,Abby Hipp made Jumper.,67,48,19,18,0.9932652969490696,Missouri State,Northern Iowa,6,5,0,0,NA,401180350,2020-01-12,Missouri State
284,4,6:51,411,411,Foul on Brice Calip.,67,48,19,0,0.9941055210584496,Missouri State,Northern Iowa,6,5,0,0,NA,401180350,2020-01-12,
285,4,6:51,411,411,Karli Rucker made Free Throw.,67,49,18,0,0.9922933988578356,Missouri State,Northern Iowa,6,5,0,0,NA,401180350,2020-01-12,Northern Iowa
286,4,6:51,411,411,Karli Rucker made Free Throw.,67,50,17,9,0.9899298246092558,Missouri State,Northern Iowa,6,5,0,0,NA,401180350,2020-01-12,Northern Iowa
287,4,6:42,402,402,Foul on Nicole Kroeger.,67,50,17,0,0.9904765888886697,Missouri State,Northern Iowa,6,5,0,0,NA,401180350,2020-01-12,
288,4,6:42,402,402,Alexa Willard missed Free Throw.,67,50,17,0,0.9904765888886697,Missouri State,Northern Iowa,6,5,0,0,NA,401180350,2020-01-12,
289,4,6:42,402,402,Missouri State Deadball Team Rebound.,67,50,17,0,0.9904765888886697,Missouri State,Northern Iowa,6,5,0,0,NA,401180350,2020-01-12,
290,4,6:42,402,402,Alexa Willard made Free Throw.,68,50,18,15,0.9927367279980979,Missouri State,Northern Iowa,6,5,0,0,NA,401180350,2020-01-12,Missouri State
291,4,6:27,387,387,Bre Gunnels made Jumper.,68,52,16,13,0.9885549597932091,Missouri State,Northern Iowa,6,5,0,0,NA,401180350,2020-01-12,Northern Iowa
292,4,6:14,374,374,Alexa Willard missed Jumper.,68,52,16,0,0.989409117635827,Missouri State,Northern Iowa,6,5,0,0,NA,401180350,2020-01-12,
293,4,6:14,374,374,Abby Gerrits Defensive Rebound.,68,52,16,9,0.989409117635827,Missouri State,Northern Iowa,6,5,0,0,NA,401180350,2020-01-12,
294,4,6:05,365,365,Karli Rucker Turnover.,68,52,16,1,0.9899969330039299,Missouri State,Northern Iowa,6,5,0,0,NA,401180350,2020-01-12,
295,4,6:04,364,364,Sydney Wilson Steal.,68,52,16,17,0.9900625166199835,Missouri State,Northern Iowa,6,5,0,0,NA,401180350,2020-01-12,
296,4,5:47,347,347,Abby Hipp missed Jumper.,68,52,16,0,0.9911965821475278,Missouri State,Northern Iowa,6,5,0,0,NA,401180350,2020-01-12,
297,4,5:47,347,347,Bre Gunnels Defensive Rebound.,68,52,16,16,0.9911965821475278,Missouri State,Northern Iowa,6,5,0,0,NA,401180350,2020-01-12,
298,4,5:31,331,331,Abby Gerrits made Jumper. Assisted by Karli Rucker.,68,54,14,20,0.9859696033745163,Missouri State,Northern Iowa,6,5,0,0,NA,401180350,2020-01-12,Northern Iowa
299,4,5:11,311,311,Abby Hipp missed Jumper.,68,54,14,0,0.9882871916294141,Missouri State,Northern Iowa,6,5,0,0,NA,401180350,2020-01-12,
300,4,5:11,311,311,Bre Gunnels Defensive Rebound.,68,54,14,10,0.9882871916294141,Missouri State,Northern Iowa,6,5,0,0,NA,401180350,2020-01-12,
301,4,5:01,301,301,Foul on Sydney Wilson.,68,54,14,0,0.9891823437003759,Missouri State,Northern Iowa,6,5,0,0,NA,401180350,2020-01-12,
302,4,5:01,301,301,Rose Simon-Ressler made Free Throw.,68,55,13,0,0.9851259162354785,Missouri State,Northern Iowa,6,5,0,0,NA,401180350,2020-01-12,Northern Iowa
303,4,5:01,301,301,Rose Simon-Ressler made Free Throw.,68,56,12,6,0.9795798016785913,Missouri State,Northern Iowa,6,5,0,0,NA,401180350,2020-01-12,Northern Iowa
304,4,4:55,295,295,Elle Ruffridge missed Three Point Jumper.,68,56,12,0,0.9799820721016543,Missouri State,Northern Iowa,6,5,0,0,NA,401180350,2020-01-12,
305,4,4:55,295,295,Rose Simon-Ressler Defensive Rebound.,68,56,12,24,0.9799820721016543,Missouri State,Northern Iowa,6,5,0,0,NA,401180350,2020-01-12,
306,4,4:31,271,271,Abby Gerrits missed Jumper.,68,56,12,0,0.9794824340960252,Missouri State,Northern Iowa,6,5,0,0,NA,401180350,2020-01-12,
307,4,4:31,271,271,Brice Calip Defensive Rebound.,68,56,12,16,0.9794824340960252,Missouri State,Northern Iowa,6,5,0,0,NA,401180350,2020-01-12,
308,4,4:15,255,255,Sydney Manning made Three Point Jumper. Assisted by Elle Ruffridge.,71,56,15,17,0.9915119593615752,Missouri State,Northern Iowa,6,5,0,0,NA,401180350,2020-01-12,Missouri State
309,4,3:58,238,238,Foul on Brice Calip.,71,56,15,0,0.9911065220471259,Missouri State,Northern Iowa,6,5,0,0,NA,401180350,2020-01-12,
310,4,3:58,238,238,Official TV Timeout,71,56,15,0,0.9911065220471259,Missouri State,Northern Iowa,6,5,0,0,NA,401180350,2020-01-12,
311,4,3:58,238,238,Karli Rucker made Free Throw.,71,57,14,0,0.9878628183532495,Missouri State,Northern Iowa,6,5,0,0,NA,401180350,2020-01-12,Northern Iowa
312,4,3:58,238,238,Karli Rucker made Free Throw.,71,58,13,19,0.9834557925086759,Missouri State,Northern Iowa,6,5,0,0,NA,401180350,2020-01-12,Northern Iowa
313,4,3:39,219,219,Emily Gartner made Jumper. Assisted by Brice Calip.,73,58,15,15,0.9916566435672776,Missouri State,Northern Iowa,6,5,0,0,NA,401180350,2020-01-12,Missouri State
314,4,3:24,204,204,Cynthia Wolf made Three Point Jumper. Assisted by Karli Rucker.,73,61,12,22,0.9816673147184898,Missouri State,Northern Iowa,6,5,0,0,NA,401180350,2020-01-12,Northern Iowa
315,4,3:02,182,182,Brice Calip missed Three Point Jumper.,73,61,12,0,0.9885518223677426,Missouri State,Northern Iowa,6,5,0,0,NA,401180350,2020-01-12,
316,4,3:02,182,182,Kam Finley Defensive Rebound.,73,61,12,15,0.9885518223677426,Missouri State,Northern Iowa,6,5,0,0,NA,401180350,2020-01-12,
317,4,2:47,167,167,Karli Rucker missed Three Point Jumper.,73,61,12,0,0.9922107733804775,Missouri State,Northern Iowa,6,5,0,0,NA,401180350,2020-01-12,
318,4,2:47,167,167,Emily Gartner Defensive Rebound.,73,61,12,18,0.9922107733804775,Missouri State,Northern Iowa,6,5,0,0,NA,401180350,2020-01-12,
319,4,2:29,149,149,Elle Ruffridge missed Three Point Jumper.,73,61,12,0,0.9953180124606922,Missouri State,Northern Iowa,6,5,0,0,NA,401180350,2020-01-12,
320,4,2:29,149,149,Jasmine Franklin Offensive Rebound.,73,61,12,7,0.9953180124606922,Missouri State,Northern Iowa,6,5,0,0,NA,401180350,2020-01-12,
321,4,2:22,142,142,Jasmine Franklin missed Jumper.,73,61,12,0,0.996237705917343,Missouri State,Northern Iowa,6,5,0,0,NA,401180350,2020-01-12,
322,4,2:22,142,142,Emily Gartner Offensive Rebound.,73,61,12,1,0.996237705917343,Missouri State,Northern Iowa,6,5,0,0,NA,401180350,2020-01-12,
323,4,2:21,141,141,Emily Gartner missed Jumper.,73,61,12,0,0.9963576389389346,Missouri State,Northern Iowa,6,5,0,0,NA,401180350,2020-01-12,
324,4,2:21,141,141,Jasmine Franklin Offensive Rebound.,73,61,12,2,0.9963576389389346,Missouri State,Northern Iowa,6,5,0,0,NA,401180350,2020-01-12,
325,4,2:19,139,139,Foul on Heidi Hillyard.,73,61,12,0,0.9965893164374272,Missouri State,Northern Iowa,6,5,0,0,NA,401180350,2020-01-12,
326,4,2:19,139,139,Jasmine Franklin missed Free Throw.,73,61,12,0,0.9965893164374272,Missouri State,Northern Iowa,6,5,0,0,NA,401180350,2020-01-12,
327,4,2:19,139,139,Missouri State Deadball Team Rebound.,73,61,12,0,0.9965893164374272,Missouri State,Northern Iowa,6,5,0,0,NA,401180350,2020-01-12,
328,4,2:19,139,139,Jasmine Franklin made Free Throw.,74,61,13,13,0.9978722175016446,Missouri State,Northern Iowa,6,5,0,0,NA,401180350,2020-01-12,Missouri State
329,4,2:06,126,126,Kam Finley missed Jumper.,74,61,13,0,0.9987084866247021,Missouri State,Northern Iowa,6,5,0,0,NA,401180350,2020-01-12,
330,4,2:06,126,126,Sydney Manning Block.,74,61,13,1,0.9987084866247021,Missouri State,Northern Iowa,6,5,0,0,NA,401180350,2020-01-12,
331,4,2:05,125,125,Northern Iowa Offensive Rebound.,74,61,13,10,0.9987606441550285,Missouri State,Northern Iowa,6,5,0,0,NA,401180350,2020-01-12,
332,4,1:55,115,115,Karli Rucker missed Three Point Jumper.,74,61,13,0,0.9991995893712489,Missouri State,Northern Iowa,6,5,0,0,NA,401180350,2020-01-12,
333,4,1:55,115,115,Heidi Hillyard Offensive Rebound.,74,61,13,5,0.9991995893712489,Missouri State,Northern Iowa,6,5,0,0,NA,401180350,2020-01-12,
334,4,1:50,110,110,Kam Finley missed Three Point Jumper.,74,61,13,0,0.9993684504507669,Missouri State,Northern Iowa,6,5,0,0,NA,401180350,2020-01-12,
335,4,1:50,110,110,Heidi Hillyard Offensive Rebound.,74,61,13,6,0.9993684504507669,Missouri State,Northern Iowa,6,5,0,0,NA,401180350,2020-01-12,
336,4,1:44,104,104,Nicole Kroeger made Three Point Jumper. Assisted by Kam Finley.,74,64,10,20,0.9972656072525596,Missouri State,Northern Iowa,6,5,0,0,NA,401180350,2020-01-12,Northern Iowa
337,4,1:24,84,84,Foul on Heidi Hillyard.,74,64,10,0,0.9988547692655355,Missouri State,Northern Iowa,6,5,0,0,NA,401180350,2020-01-12,
338,4,1:24,84,84,Emily Gartner missed Free Throw.,74,64,10,0,0.9988547692655355,Missouri State,Northern Iowa,6,5,0,0,NA,401180350,2020-01-12,
339,4,1:24,84,84,Missouri State Deadball Team Rebound.,74,64,10,0,0.9988547692655355,Missouri State,Northern Iowa,6,5,0,0,NA,401180350,2020-01-12,
340,4,1:24,84,84,Emily Gartner missed Free Throw.,74,64,10,0,0.9988547692655355,Missouri State,Northern Iowa,6,5,0,0,NA,401180350,2020-01-12,
341,4,1:24,84,84,Heidi Hillyard Defensive Rebound.,74,64,10,6,0.9988547692655355,Missouri State,Northern Iowa,6,5,0,0,NA,401180350,2020-01-12,
342,4,1:18,78,78,Cynthia Wolf missed Three Point Jumper.,74,64,10,1,0.9991346804655409,Missouri State,Northern Iowa,6,5,0,0,NA,401180350,2020-01-12,
343,4,1:17,77,77,Sydney Manning Defensive Rebound.,74,64,10,9,0.9991751343806997,Missouri State,Northern Iowa,6,5,0,0,NA,401180350,2020-01-12,
344,4,1:08,68,68,Emily Gartner made Jumper. Assisted by Jasmine Franklin.,76,64,12,19,0.9998836058061003,Missouri State,Northern Iowa,6,5,0,0,NA,401180350,2020-01-12,Missouri State
345,4,0:49,49,49,Kam Finley made Jumper.,76,66,10,2,0.9998108506808345,Missouri State,Northern Iowa,6,5,0,0,NA,401180350,2020-01-12,Northern Iowa
346,4,0:47,47,47,Northern Iowa  Timeout,76,66,10,7,0.9998312677872547,Missouri State,Northern Iowa,5,5,1,0,NA,401180350,2020-01-12,
347,4,0:40,40,40,Foul on Nicole Kroeger.,76,66,10,0,0.9998881660656024,Missouri State,Northern Iowa,5,5,1,0,NA,401180350,2020-01-12,
348,4,0:40,40,40,Elle Ruffridge made Free Throw.,77,66,11,0,0.9999549738474897,Missouri State,Northern Iowa,5,5,1,0,NA,401180350,2020-01-12,Missouri State
349,4,0:40,40,40,Elle Ruffridge made Free Throw.,78,66,12,5,0.9999818724656027,Missouri State,Northern Iowa,5,5,1,0,NA,401180350,2020-01-12,Missouri State
350,4,0:35,35,35,Kam Finley missed Three Point Jumper.,78,66,12,0,0.9999874127506417,Missouri State,Northern Iowa,5,5,1,0,NA,401180350,2020-01-12,
351,4,0:35,35,35,Emily Gartner Defensive Rebound.,78,66,12,14,0.9999874127506417,Missouri State,Northern Iowa,5,5,1,0,NA,401180350,2020-01-12,
352,4,0:21,21,21,Jasmine Franklin made Jumper. Assisted by Sydney Manning.,80,66,14,12,0.9999994457761441,Missouri State,Northern Iowa,5,5,1,0,NA,401180350,2020-01-12,Missouri State
353,4,0:09,9,9,Karli Rucker missed Jumper.,80,66,14,0,0.999999824330377,Missouri State,Northern Iowa,5,5,1,0,NA,401180350,2020-01-12,
354,4,0:09,9,9,Emily Gartner Defensive Rebound.,80,66,14,9,0.999999824330377,Missouri State,Northern Iowa,5,5,1,0,NA,401180350,2020-01-12,
355,4,0:00,0,0,End of Game,80,66,14,0,1,Missouri State,Northern Iowa,5,5,1,0,NA,401180350,2020-01-12,
